-15 4.37387e+21 2.23105e+06 6.85589e-14 -6.85233e-14 6.85232e-14 0.000163949 0.000875487 6.40985e-23 0.590507 0.408454 0 
-14.798 5.35276e+21 3.34161e+06 5.60245e-14 -5.59889e-14 5.59889e-14 0.000200606 0.00107123 1.43778e-22 0.59037 0.408359 0 
-14.596 6.55066e+21 5.00507e+06 4.57829e-14 -4.57473e-14 4.57473e-14 0.000245446 0.00131068 3.22488e-22 0.590202 0.408242 0 
-14.3939 8.01649e+21 7.49644e+06 3.74148e-14 -3.73791e-14 3.73791e-14 0.00030029 0.00160355 7.23281e-22 0.589996 0.4081 0 
-14.1919 9.81011e+21 1.1227e+07 3.05773e-14 -3.05417e-14 3.05417e-14 0.00036736 0.0019617 1.62206e-21 0.589745 0.407926 0 
-13.9899 1.20047e+22 1.68128e+07 2.49906e-14 -2.4955e-14 2.49549e-14 0.000449368 0.00239962 3.63736e-21 0.589437 0.407714 0 
-13.7879 1.46899e+22 2.51766e+07 2.04258e-14 -2.03902e-14 2.03901e-14 0.000549619 0.00293496 8.15556e-21 0.589062 0.407454 0 
-13.5859 1.7975e+22 3.77007e+07 1.6696e-14 -1.66604e-14 1.66603e-14 0.000672139 0.00358922 1.82835e-20 0.588602 0.407136 0 
-13.3838 2.19939e+22 5.64539e+07 1.36484e-14 -1.36129e-14 1.36128e-14 0.000821828 0.00438856 4.09818e-20 0.588041 0.406748 0 
-13.1818 2.691e+22 8.45322e+07 1.11583e-14 -1.11228e-14 1.11227e-14 0.00100464 0.00536479 9.18396e-20 0.587356 0.406274 0 
-12.9798 3.29227e+22 1.26563e+08 9.12373e-15 -9.08822e-15 9.08808e-15 0.0012278 0.00655647 2.05758e-19 0.58652 0.405696 0 
-12.7778 4.02756e+22 1.89462e+08 7.46129e-15 -7.42581e-15 7.42565e-15 0.00150006 0.00801032 4.60834e-19 0.5855 0.40499 0 
-12.5758 4.92658e+22 2.83572e+08 6.10295e-15 -6.06751e-15 6.0673e-15 0.00183198 0.00978278 1.03173e-18 0.584256 0.40413 0 
-12.3737 6.02557e+22 4.24364e+08 4.99307e-15 -4.95767e-15 4.95742e-15 0.0022363 0.0119418 2.30879e-18 0.58274 0.403082 0 
-12.1717 7.36866e+22 6.3496e+08 4.0862e-15 -4.05086e-15 4.05055e-15 0.00272828 0.014569 5.1636e-18 0.580897 0.401806 0 
-11.9697 9.00957e+22 9.49883e+08 3.3452e-15 -3.30993e-15 3.30956e-15 0.00332619 0.0177619 1.15403e-17 0.578656 0.400256 0 
-11.7677 1.10136e+23 1.42063e+09 2.73974e-15 -2.70455e-15 2.7041e-15 0.00405171 0.0216361 2.57702e-17 0.575937 0.398375 0 
-11.5657 1.34598e+23 2.12391e+09 2.24501e-15 -2.20992e-15 2.20937e-15 0.00493042 0.0263284 5.74874e-17 0.572644 0.396098 0 
-11.3636 1.64441e+23 3.17381e+09 1.84075e-15 -1.80579e-15 1.80512e-15 0.00599227 0.0319987 1.28082e-16 0.568664 0.393345 0 
-11.1616 2.00824e+23 4.74018e+09 1.51042e-15 -1.4756e-15 1.4748e-15 0.00727193 0.0388321 2.84942e-16 0.563868 0.390028 0 
-10.9596 2.45144e+23 7.07536e+09 1.24049e-15 -1.20585e-15 1.20488e-15 0.008809 0.04704 6.32764e-16 0.558108 0.386043 0 
-10.7576 2.99079e+23 1.05535e+10 1.01989e-15 -9.85466e-16 9.84304e-16 0.010648 0.0568601 1.40214e-15 0.551216 0.381276 0 
-10.5556 3.6464e+23 1.57282e+10 8.39605e-16 -8.05437e-16 8.04046e-16 0.0128377 0.0685535 3.099e-15 0.543009 0.3756 0 
-10.3535 4.44216e+23 2.34158e+10 6.92245e-16 -6.58384e-16 6.56727e-16 0.0154306 0.0823993 6.82848e-15 0.533292 0.368878 0 
-10.1515 5.40645e+23 3.48163e+10 5.71779e-16 -5.38282e-16 5.3632e-16 0.0184803 0.0986849 1.4992e-14 0.521862 0.360972 0 
-9.94949 6.57264e+23 5.16879e+10 4.73276e-16 -4.4021e-16 4.379e-16 0.0220395 0.117691 3.27763e-14 0.508524 0.351746 0 
-9.74747 7.97981e+23 7.66004e+10 3.92705e-16 -3.60145e-16 3.57445e-16 0.0261553 0.139669 7.13063e-14 0.493099 0.341076 0 
-9.54545 9.67328e+23 1.13292e+11 3.26773e-16 -2.948e-16 2.91672e-16 0.030865 0.164819 1.54256e-13 0.475448 0.328868 0 
-9.34343 1.17052e+24 1.67172e+11 2.72784e-16 -2.41491e-16 2.37901e-16 0.0361894 0.193251 3.31563e-13 0.455494 0.315065 0 
-9.14141 1.41347e+24 2.46024e+11 2.28539e-16 -1.98019e-16 1.93943e-16 0.0421273 0.22496 7.07551e-13 0.43324 0.299672 0 
-8.93939 1.70288e+24 3.60979e+11 1.92236e-16 -1.6259e-16 1.58017e-16 0.0486495 0.259789 1.4979e-12 0.408797 0.282765 0 
-8.73737 2.04619e+24 5.27847e+11 1.62404e-16 -1.33731e-16 1.28669e-16 0.055695 0.297412 3.14361e-12 0.382393 0.264501 0 
-8.53535 2.45159e+24 7.68971e+11 1.37842e-16 -1.10239e-16 1.04712e-16 0.06317 0.337328 6.53629e-12 0.354379 0.245124 0 
-8.33333 2.92803e+24 1.11575e+12 1.17569e-16 -9.11259e-17 8.51786e-17 0.0709506 0.378876 1.34581e-11 0.325219 0.224954 0 
-8.13131 3.4852e+24 1.61204e+12 1.00784e-16 -7.55797e-17 6.92766e-17 0.07889 0.421272 2.74322e-11 0.295465 0.204373 0 
-7.92929 4.13347e+24 2.31873e+12 8.68363e-17 -6.29349e-17 5.6356e-17 0.0868288 0.463666 5.53491e-11 0.265712 0.183793 0 
-7.72727 4.88392e+24 3.31992e+12 7.51972e-17 -5.2645e-17 4.58815e-17 0.0946079 0.505206 1.10556e-10 0.236559 0.163628 0 
-7.52525 5.74834e+24 4.73128e+12 6.54374e-17 -4.42622e-17 3.741e-17 0.10208 0.545109 2.18679e-10 0.208554 0.144257 0 
-7.32323 6.7393e+24 6.71121e+12 5.72099e-17 -3.74199e-17 3.05741e-17 0.109123 0.582716 4.28538e-10 0.182161 0.126001 0 
-7.12121 7.87023e+24 9.47624e+12 5.02347e-17 -3.18195e-17 2.50688e-17 0.115641 0.617525 8.32522e-10 0.157731 0.109102 0 
-6.91919 9.15552e+24 1.33219e+13 4.42863e-17 -2.72186e-17 2.06408e-17 0.121576 0.649213 1.60449e-09 0.135492 0.0937196 0 
-6.71717 1.06107e+25 1.86504e+13 3.91833e-17 -2.34214e-17 1.7081e-17 0.126896 0.677624 3.07006e-09 0.115552 0.0799274 0 
-6.51515 1.22527e+25 2.60088e+13 3.47797e-17 -2.02704e-17 1.42174e-17 0.131602 0.702753 5.83673e-09 0.0979164 0.0677288 0 
-6.31313 1.40999e+25 3.614e+13 3.09582e-17 -1.76396e-17 1.19098e-17 0.135714 0.724712 1.10342e-08 0.0825053 0.0570689 0 
-6.11111 1.61724e+25 5.00516e+13 2.76244e-17 -1.54286e-17 1.00444e-17 0.13927 0.743699 2.07578e-08 0.0691795 0.0478515 0 
-5.90909 1.84925e+25 6.91098e+13 2.47016e-17 -1.35577e-17 8.53016e-18 0.142316 0.759968 3.88856e-08 0.0577616 0.0399537 0 
-5.70707 2.10846e+25 9.51675e+13 2.21279e-17 -1.19634e-17 7.29429e-18 0.144906 0.773799 7.25823e-08 0.0480547 0.0332395 0 
-5.50505 2.3976e+25 1.30738e+14 1.98527e-17 -1.05956e-17 6.2792e-18 0.147094 0.78548 1.35066e-07 0.0398572 0.0275692 0 
-5.30303 2.71965e+25 1.79229e+14 1.78343e-17 -9.41454e-18 5.43952e-18 0.14893 0.795289 2.50694e-07 0.0329731 0.0228075 0 
-5.10101 3.07795e+25 2.45256e+14 1.60384e-17 -8.38844e-18 4.73964e-18 0.150466 0.803487 4.64309e-07 0.0272193 0.0188276 0 
-4.89899 3.47618e+25 3.35075e+14 1.44363e-17 -7.49201e-18 4.15168e-18 0.151744 0.810312 8.584e-07 0.0224293 0.0155143 0 
-4.69697 3.91844e+25 4.57152e+14 1.3004e-17 -6.70494e-18 3.65386e-18 0.152804 0.815975 1.58461e-06 0.0184545 0.012765 0 
-4.49495 4.40925e+25 6.2295e+14 1.1721e-17 -6.01079e-18 3.22913e-18 0.153682 0.82066 2.92158e-06 0.0151654 0.0104899 0 
-4.29293 4.95363e+25 8.48003e+14 1.057e-17 -5.39622e-18 2.86412e-18 0.154406 0.824528 5.38107e-06 0.0124497 0.00861146 0 
-4.09091 5.55716e+25 1.15336e+15 9.53608e-18 -4.85026e-18 2.54833e-18 0.155002 0.827713 9.90266e-06 0.0102117 0.00706342 0 
-3.88889 6.226e+25 1.56753e+15 8.60629e-18 -4.36384e-18 2.27348e-18 0.155492 0.83033 1.82109e-05 0.00837012 0.00578961 0 
-3.68687 6.96699e+25 2.12912e+15 7.76941e-18 -3.92938e-18 2.033e-18 0.155894 0.832473 3.34704e-05 0.0068567 0.00474278 0 
-3.48485 7.7877e+25 2.8904e+15 7.0156e-18 -3.54047e-18 1.82167e-18 0.156221 0.83422 6.14864e-05 0.00561422 0.00388336 0 
-3.28283 8.69648e+25 3.92211e+15 6.33622e-18 -3.19166e-18 1.63537e-18 0.156485 0.835629 0.000112907 0.004595 0.00317836 0 
-3.08081 9.70262e+25 5.31995e+15 5.72366e-18 -2.87825e-18 1.47083e-18 0.156693 0.83674 0.000207256 0.00375947 0.00260043 0 
-2.87879 1.08163e+26 7.21358e+15 5.17119e-18 -2.59609e-18 1.32557e-18 0.156848 0.83757 0.000380317 0.00307483 0.00212686 0 
-2.67677 1.20489e+26 9.77849e+15 4.67288e-18 -2.34148e-18 1.19787e-18 0.156948 0.838102 0.000697639 0.00251397 0.00173891 0 
-2.47475 1.34128e+26 1.32521e+16 4.22351e-18 -2.11099e-18 1.08676e-18 0.156979 0.838266 0.00127916 0.00205452 0.00142111 0 
-2.27273 1.49216e+26 1.79552e+16 3.81855e-18 -1.90127e-18 9.92312e-19 0.156911 0.837906 0.00234394 0.00167798 0.00116066 0 
-2.07071 1.659e+26 2.43203e+16 3.45415e-18 -1.70885e-18 9.15905e-19 0.156687 0.836707 0.00429075 0.00136908 0.000946991 0 
-1.86869 1.84337e+26 3.29284e+16 3.12721e-18 -1.52977e-18 8.60897e-19 0.156194 0.834078 0.00784108 0.00111513 0.000771335 0 
-1.66667 2.04687e+26 4.45561e+16 2.83549e-18 -1.35916e-18 8.33528e-19 0.155234 0.828948 0.0142858 0.000905545 0.000626365 0 
-1.46465 2.27103e+26 6.02305e+16 2.57792e-18 -1.19045e-18 8.44115e-19 0.15345 0.819425 0.0258878 0.0007314 0.00050591 0 
-1.26263 2.51705e+26 8.12833e+16 2.35498e-18 -1.01452e-18 9.08075e-19 0.150244 0.802301 0.0464657 0.000585123 0.00040473 0 
-1.06061 2.78533e+26 1.09378e+17 2.16935e-18 -8.18623e-19 1.04519e-18 0.144669 0.772532 0.0820202 0.000460352 0.000318426 0 
-0.858586 3.07465e+26 1.46453e+17 2.02669e-18 -5.86033e-19 1.27361e-18 0.135433 0.723212 0.14076 0.00035213 0.000243568 0 
-0.656566 3.38109e+26 1.94492e+17 1.93633e-18 -2.97717e-19 1.59452e-18 0.121228 0.64736 0.230976 0.000257541 0.000178141 0 
-0.454545 3.69691e+26 2.55049e+17 1.91124e-18 6.21516e-20 1.97251e-18 0.10167 0.542919 0.355112 0.000176482 0.000122072 0 
-0.252525 4.01048e+26 3.2859e+17 1.96662e-18 4.98478e-19 2.33949e-18 0.07846 0.418976 0.502376 0.00011128 7.69725e-05 0 
-0.0505051 4.30843e+26 4.14048e+17 2.11726e-18 1.00312e-18 2.64557e-18 0.0553103 0.295357 0.649225 6.40972e-05 4.43361e-05 0 
0.151515 4.57946e+26 5.09109e+17 2.37571e-18 1.56447e-18 2.91021e-18 0.0358945 0.191677 0.772371 3.3988e-05 2.35095e-05 0 
0.353535 4.81704e+26 6.11037e+17 2.75305e-18 2.18109e-18 3.20634e-18 0.0218399 0.116625 0.861506 1.68971e-05 1.16877e-05 0 
0.555556 5.0197e+26 7.17412e+17 3.26161e-18 2.86716e-18 3.60844e-18 0.0127139 0.0678923 0.91938 8.03719e-06 5.55933e-06 0 
0.757576 5.18951e+26 8.26476e+17 3.91798e-18 3.64969e-18 4.16795e-18 0.00719919 0.0384437 0.954351 3.71854e-06 2.57211e-06 0 
0.959596 5.33026e+26 9.37098e+17 4.7451e-18 4.5641e-18 4.91922e-18 0.00401033 0.0214152 0.974572 1.69252e-06 1.17071e-06 0 
1.16162 5.44619e+26 1.0486e+18 5.77374e-18 5.6522e-18 5.89274e-18 0.0022132 0.0118185 0.985967 7.63197e-07 5.27903e-07 0 
1.36364 5.54133e+26 1.16059e+18 7.04375e-18 6.96235e-18 7.12422e-18 0.00121504 0.00648831 0.992296 3.4235e-07 2.36804e-07 0 
1.56566 5.61926e+26 1.27285e+18 8.60555e-18 8.55111e-18 8.65965e-18 0.000665128 0.00355178 0.995783 1.53126e-07 1.05917e-07 0 
1.76768 5.68301e+26 1.38526e+18 1.0522e-17 1.04856e-17 1.05583e-17 0.000363521 0.0019412 0.997695 6.83812e-08 4.72993e-08 0 
1.9697 5.73515e+26 1.49775e+18 1.28708e-17 1.28465e-17 1.28951e-17 0.000198507 0.00106003 0.998741 3.05103e-08 2.1104e-08 0 
2.17172 5.77776e+26 1.61029e+18 1.57478e-17 1.57315e-17 1.5764e-17 0.000108347 0.000578571 0.999313 1.36066e-08 9.41171e-09 0 
2.37374 5.81258e+26 1.72285e+18 1.92703e-17 1.92594e-17 1.92811e-17 5.91211e-05 0.000315707 0.999625 6.06654e-09 4.19623e-09 0 
2.57576 5.84104e+26 1.83542e+18 2.35823e-17 2.35751e-17 2.35896e-17 3.22558e-05 0.000172246 0.999795 2.70439e-09 1.87063e-09 0 
2.77778 5.8643e+26 1.948e+18 2.88604e-17 2.88556e-17 2.88653e-17 1.7597e-05 9.39682e-05 0.999888 1.2055e-09 8.33841e-10 0 
2.9798 5.8833e+26 2.06058e+18 3.53206e-17 3.53174e-17 3.53238e-17 9.59959e-06 5.12618e-05 0.999939 5.37332e-10 3.71672e-10 0 
3.18182 5.89883e+26 2.17316e+18 4.32273e-17 4.32252e-17 4.32295e-17 5.23668e-06 2.79639e-05 0.999967 2.39502e-10 1.65664e-10 0 
3.38384 5.91151e+26 2.28575e+18 5.29043e-17 5.29029e-17 5.29058e-17 2.85663e-06 1.52544e-05 0.999982 1.06751e-10 7.38395e-11 0 
3.58586 5.92188e+26 2.39834e+18 6.47479e-17 6.47469e-17 6.47489e-17 1.55829e-06 8.32127e-06 0.99999 4.75805e-11 3.29115e-11 0 
3.78788 5.93035e+26 2.51092e+18 7.9243e-17 7.92424e-17 7.92437e-17 8.50044e-07 4.53924e-06 0.999995 2.12073e-11 1.46691e-11 0 
3.9899 5.93727e+26 2.62351e+18 9.69832e-17 9.69828e-17 9.69837e-17 4.63697e-07 2.47614e-06 0.999997 9.45241e-12 6.53823e-12 0 
4.19192 5.94292e+26 2.7361e+18 1.18695e-16 1.18695e-16 1.18695e-16 2.52945e-07 1.35073e-06 0.999998 4.21306e-12 2.91418e-12 0 
4.39394 5.94754e+26 2.84868e+18 1.45268e-16 1.45267e-16 1.45268e-16 1.3798e-07 7.36815e-07 0.999999 1.87782e-12 1.29889e-12 0 
4.59596 5.95132e+26 2.96127e+18 1.77789e-16 1.77789e-16 1.77789e-16 7.52677e-08 4.0193e-07 1 8.36967e-13 5.7893e-13 0 
4.79798 5.95439e+26 3.07386e+18 2.17591e-16 2.17591e-16 2.17591e-16 4.10582e-08 2.19251e-07 1 3.73047e-13 2.58037e-13 0 
5 5.95692e+26 3.18645e+18 2.66304e-16 2.66304e-16 2.66304e-16 2.23971e-08 1.196e-07 1 1.66272e-13 1.1501e-13 0 
